SiO2_pct,TiO2_pct,Al2O3_pct,FeOtot_pct,MgO_pct,CaO_pct,Na2O_pct
50.2887389297485,0.6714552080896152,9.553501742679988,11.776286438772225,16.281802327222582,10.63886962747378,0.7893457260133071
50.68990597140961,0.7117065165567943,10.586003887572943,10.746632756043184,16.69842393297654,9.643584208419517,0.9237427270214135
50.5113997440102,0.6393988266722144,10.336387908235137,11.466212427039087,15.767991194668829,10.471555987974575,0.8070539113999514
49.88840483991699,0.7050731271263596,10.933479220330577,11.012621326961032,15.950146347533794,10.493005177048909,1.017269961082342
49.81224395628815,0.6625646897363062,10.563501717915857,11.548505659805562,16.100669180612268,10.413878455470805,0.8986363401710489
51.506886093310335,0.5638055840727344,10.227795870054354,11.253095047953956,15.534143927630002,9.898627014094046,1.015646462884575
50.9481573166259,0.5656251267894616,10.46912660919423,10.786884856514588,16.72312331564684,9.64099522467079,0.8660875505581884
51.027495825702694,0.5974867166224239,9.884678385730268,10.579519659223852,15.947737210189668,10.901940753673871,1.061141448857232
50.36155907513513,0.6515780028679186,10.609664950493181,11.217470829006919,15.661250083069941,10.554792709557496,0.9436843498694043
51.28721149137878,0.5625768382341843,12.197699558377966,11.5619869212375,13.345594470511063,10.066409064791635,0.9785216554688722
49.67399437125784,0.7034993249028508,11.426283402540934,10.621338323086508,16.079354520618537,10.188357725980953,1.3071723316123733
51.139294083403186,0.6673860903134365,11.12390525347564,11.238181077999103,13.723746107289722,10.970377534449737,1.1371098530691806
51.762485544777654,0.773185730669679,11.248976106276757,12.0023905946376,13.277901490056868,10.046841297743711,0.8882192358377422
49.36926901636284,0.6156125465120904,10.94656357305481,11.107422300588405,15.867528125121138,11.139233566460367,0.9543708719003482
49.514583521395615,0.6188017496041651,10.07202793524221,11.714443734764965,16.623615176990363,10.337339231015761,1.1191886509869078
50.36704002800008,0.6415462620086851,10.575352734846376,11.447077341006983,15.909190275085043,10.140665731952906,0.9191276270999229
50.73494755316104,0.6180766840972547,10.586948241753932,11.683631690504987,15.48979438974382,9.764945821040964,1.1216556196980045
50.77538555948107,0.5938179463514698,11.088012741435977,10.37756176315401,15.8164925174676,10.314416016691348,1.0343134554185291
50.3614422311353,0.6226576542154981,11.180878601210022,11.269749632416254,15.83354854652942,9.846053302161208,0.8856700323322839
50.614535263472405,0.6894136488303682,10.93643932360364,11.011093404251927,16.737574628915738,9.132716806858097,0.878226924067828
49.88437462970703,0.7356255548944072,10.396414406598907,11.442776639114184,15.145058903003077,11.469235718227708,0.9265141484546909
51.376816478128134,0.6596192189122765,11.471746820578812,10.864540247157052,14.47056467728613,10.228955347080193,0.9277572108573888
51.054756725001404,0.6646004884647627,11.144817963842009,11.342762801378482,14.329503728472723,10.648039733481209,0.8155185593594056
50.34596888807754,0.6051698876020327,9.78480032804695,11.213561788664423,16.395950893726937,10.460799245971549,1.193748967910564
50.53535020519247,0.6546451003676681,9.762313508513547,11.872387483922886,15.674135677826543,10.471615358857624,1.0295526653192557
51.24709492446075,0.6292020605434946,10.772916597520213,10.595423216153767,15.447109792793752,10.247800501103475,1.0604529074245508
50.80022292437289,0.7129648945996773,10.29423113886515,11.425903243000898,15.834706691100687,9.980556570818601,0.9514145372420894
49.52175093976447,0.5363365705760147,11.457700895504427,11.296091047119113,15.450350018197295,10.574745644832943,1.1630248840057242
49.325604689642844,0.587496544241214,11.897356369308199,11.232826222547695,16.134737288550006,9.861095116431251,0.9608837692787968
51.67699910858507,0.7121815807121434,10.143019740469864,10.426257133847997,15.808998458275585,10.220113552049606,1.0124304260597496
49.21748069401398,0.613836804324463,10.560615820516107,11.183981445031046,16.621733201858685,10.811490094555358,0.9908619397003575
50.06451196275703,0.6657726771532074,11.683049140760481,11.283806454951788,15.56578664581573,9.911687980430658,0.825385138131095
49.613544654445185,0.5397209127200021,11.012177199332664,11.535051108601627,17.18203088640024,9.28636795823865,0.8311072802616287
52.087532924089295,0.6004528798453437,10.896984413380157,11.801571177313065,13.137930208642661,10.476406189236068,0.9991222074933949
50.84163825730373,0.6472024644658773,11.195845580583025,11.241622793726814,14.40232001442335,10.618122145832741,1.0532487436644642
49.9158781445704,0.6388734455729226,11.094241581953561,11.382224918748495,15.089768400651655,11.080926320299103,0.7980871882038619
52.8911571279878,0.6401599454960333,10.83887360570784,10.663950265760418,14.06207345777479,10.225106993056983,0.6786786042161368
51.12765140117177,0.731541922043477,11.237475599465219,11.533518175596479,15.338775133597943,9.277281480200354,0.7537562879247601
50.468414457056035,0.6584975281928004,10.880399657370527,11.877525369794883,14.91974190022386,10.19766373032423,0.9977573570376652
50.11248265444177,0.6312513273968882,10.246263155752702,11.640679979962957,16.538060234386197,9.756576842685384,1.0746858053740955
50.11834687466202,0.6908838152304418,10.750562689885601,11.272969753589534,14.684948212844732,11.621379325881177,0.8609093279064979
49.49065386250421,0.5954752366926883,10.07638655418242,11.461102725658462,16.069606219403305,11.35985972497629,0.9469156765826194
49.97930449023679,0.5848679522532427,11.47708925326243,11.290919590389565,14.276876142378118,11.214082379671579,1.1768601918082513
50.92370865074518,0.6494321338147292,10.415997266018067,11.847935500857904,15.141849673851596,10.164607605310305,0.8564691694022136
50.845347841402436,0.7359814703730765,10.649184759400399,11.577647252566562,15.100637898333536,10.399307018219138,0.6918937597048537
50.11979845695906,0.5114755897295452,9.791089692377787,11.53852302471707,15.469999651733376,11.475002584195948,1.0941110002872207
49.9714037632618,0.5956948202759329,9.823538393702018,11.96989227296201,16.16314422100135,10.286647350026772,1.1896791787701453
49.2842747492136,0.5940100348008324,10.089455678783535,11.720044928312962,16.36577600503096,11.009742233152727,0.936696370705394
51.458902163121394,0.5405526455726557,10.167680693697553,11.502543732030665,15.342285519859061,9.96379833857664,1.0242369071420252
51.12902573473874,0.6103724852687359,9.794255369425992,11.129466813630478,16.306499711264742,10.064044687555514,0.9663351981157975
51.575902677272055,0.6694059065549506,10.956647309774917,11.222577781554705,14.542461075684612,9.890588252112789,1.142416997045976
50.696694861286595,0.4037513246018901,9.602377359260357,11.50246712743108,16.660908783010477,10.210598529546633,0.9232020148629544
50.25556218094962,0.6086107432050483,11.149028152332638,10.523402918893135,16.50014848012698,9.951410204877567,1.0118373196150159
50.14291372318211,0.7180797157787746,10.335760136482655,11.476539810499391,15.917753230060743,10.456452872667935,0.9525005113283982
49.87403923803557,0.6480351770864787,10.829181649445703,10.883912999971313,15.91628987932536,10.889651611707594,0.9588894444279796
51.86508762829063,0.6799954251357396,10.403306020649852,11.444623412394593,14.430942037745927,10.31111423697709,0.8649312388061684
50.055003899936324,0.55996046217888,10.669553763454314,10.706783815665268,16.72342309302395,10.22728592239419,1.0579890433470684
49.70830842419055,0.6841677878599379,10.959655586944132,11.437079282005792,16.33752028948882,9.946091993782378,0.9271766357283882
49.22567686006832,0.6563364105787359,11.667486231034085,11.684459215406887,16.137047322760537,9.545559420288255,1.083434539863194
49.24027529318481,0.7094717539291601,10.124938090674915,10.439450203363188,17.407068672490013,11.239775477328587,0.8390205090293202
50.25942009573535,0.6455877269223941,11.009933352767401,12.210826151422603,14.25230281219454,10.893021856831476,0.7289080041262169
51.34146988490918,0.6458822392484745,10.794751901168969,11.786329515339641,14.017666066806246,10.597351204987058,0.8165491875404425
51.19146502470403,0.5988538648894451,11.152962776231318,10.886971435600655,14.642625793750382,10.489809179591504,1.0373119252326588
49.52956041019657,0.5920361146211185,11.099484239025504,11.317098673382143,15.455423200773524,10.648767456690447,1.3576299053106813
49.898717675354796,0.7878816620735537,10.053814280618239,11.107076382995025,16.62251650393344,10.619744862378498,0.9102486326464507
49.33720356156026,0.5947710041258876,12.040755382986623,10.86841157317445,14.91147635644661,11.184792522106859,1.0625895995993055
50.43558178874477,0.6659658886802664,10.69720025491495,10.996452639002399,15.992114114928313,10.15273549538554,1.059949818343745
50.7955983625098,0.5531484769382472,11.546894185858015,11.132265315013628,14.535085060885123,10.43237713282936,1.0046314659658344
49.94418065404129,0.6289559929721816,9.925550892916043,11.386080518443208,15.93729358778602,11.26320612243426,0.914732231407003
50.798235378474054,0.6086889886812035,11.352596978187355,11.102711625251214,14.850538150360554,10.299156208383808,0.9880726706618176
49.42511804440942,0.6744157731877763,11.15827273171542,11.355308267788486,16.56770108603521,9.878274997417604,0.9409090994460936
51.968827508945324,0.5681511469987843,9.652029294656131,11.588663674030144,15.213804742164275,9.99968076598059,1.008842867224756
49.52129296503136,0.7294365320365555,9.48774609695231,11.95344558888478,16.34390674805334,10.987986639847053,0.9761854291946142
50.35498186203546,0.6536603294536726,11.626382942091354,10.73448948077514,15.991307458850429,9.695097651331173,0.9440802754627651
50.75702238189377,0.6589574610847614,10.5170594215133,10.153732512052981,16.0462621495461,10.99049631225484,0.876469761654261
51.22093507836151,0.7133810050333697,10.728394640531643,12.238932471232648,14.091515081684276,9.931429215311864,1.0754125078446828
50.08737222202086,0.6345098875368853,10.234916901761695,11.869753290207004,16.197456689456583,10.061181545779391,0.9148094632375745
49.0173785242177,0.6045623871352166,11.29336530403753,10.637737880341376,16.77883732192436,10.589084742854952,1.0790338394888608
50.54524716163135,0.6202966893650892,11.240480052621468,11.590342484030735,14.081390637189662,10.965759710990266,0.9564832641714404
49.77414460026509,0.5698173282485426,10.639208222308438,11.455108239454288,16.899085624366805,9.760260772214554,0.9023752131422836
52.00732891274589,0.4926184463489221,10.963082711779126,10.66818387559381,14.958249846682795,9.778633292591936,1.131902914257517
48.97381434583234,0.580998160230137,10.450968326209885,11.213057057327163,18.3141137551763,9.80952491672338,0.6575234385007958
49.85622842175766,0.5868510631107957,10.828602988801372,11.124006043859264,16.786029940390016,9.757205105006967,1.0610764370739365
51.63719702343758,0.6421908436271613,11.771200123252017,11.605064561307413,13.561533478617863,9.651878095672497,1.1309358740854625
51.30124637160544,0.6542112757296241,9.770578713192304,11.227927044588716,15.930313334618745,9.91795645257786,1.197766807687305
51.81511636828334,0.6761814826052959,10.146641487981217,11.240547933342006,15.721951498423387,9.406712468453621,0.992848760911151
50.744961402346995,0.49869636511686255,11.30633566684982,10.547697119810588,15.358676873464084,10.574185864052444,0.9694467083592074
49.972182911431695,0.5576422451559371,10.157413450110667,10.186955073322427,17.826077215004606,10.351438855272185,0.9482902497024909
50.87703973321954,0.6053523813955991,9.413134643639154,12.181672017922837,14.617462084082831,11.397264059952509,0.9080750797875277
50.49021935566502,0.7003791173816295,10.473464404694468,11.200012041202028,15.420535338451717,10.832231844994883,0.8831578976102711
51.54521039786198,0.6126818141083692,9.887367690318717,10.839961130380882,15.253370041194055,10.851212942646463,1.0101959834895309
51.51437913517044,0.7230741178586968,10.148631184511927,11.80925881153257,15.149406379868639,9.509459217664697,1.1457911533930267
51.014319543707465,0.5455409851865585,11.160191204585974,11.791041678939102,14.750767581064027,9.922586315367536,0.8155526911493223
49.64150177987093,0.6882359748034781,9.974599269625758,11.221228272423835,16.175710756138805,10.93324348551612,1.3654804616210798
49.334837940574715,0.6190671854270406,11.258907400044459,11.66202830629916,15.253436567017063,10.955224126970982,0.916498473666571
49.94552819418298,0.6907801026491076,11.356488337350534,10.434818977970576,16.654407177034617,9.893935098914877,1.0240421118973122
49.61853233629741,0.611566239119561,10.848873230172376,11.290641700690124,16.17416123026031,10.79480046040306,0.6614248030571606
50.278360081308364,0.6142107039127925,11.04123751281042,11.66561599658132,15.706779240835033,9.990615175626777,0.7031812889253024
51.18395246925117,0.6797522301823478,9.82144677105945,11.088352425427887,15.494788311357146,10.794344528101151,0.9373632646208515
50.92129432582627,0.6104413060305712,10.437468845624512,11.76829686362818,14.872491714738095,10.393984436198016,0.9960225079543706
50.44121575059134,0.5498090058195664,12.061632123082147,11.00519490219182,15.904927555227943,9.283317430767713,0.7539032323194742
49.518057255215886,0.66856885108045,10.367474404056145,12.15867494291828,15.690798194660877,10.799982889380784,0.7964434626875739
51.269572428677456,0.6421874013025709,10.945799618135005,11.233976457730616,14.599719918871523,10.280537806734507,1.0282063685483183
49.10658795256939,0.4997328852366818,11.315961735498188,11.452385539244364,16.718985760547156,10.050662449953938,0.8556836769502864
50.00317646036936,0.5933737165836827,9.607334324452639,12.40183037206379,15.718322606629235,10.668763043087857,1.007199476813435
49.57720054109403,0.5842410741918492,10.82803530279945,11.36500633297128,17.018976269653148,9.719463385558033,0.9070770937322135
49.964704286736335,0.615827662671039,9.925732727925364,11.58496380743791,16.473542556044208,10.39208061514419,1.0431483440409552
49.7450873230514,0.6996038051264126,10.376971797520442,10.664443111222065,16.637134500444134,11.030939817670497,0.8458196449650569
50.50320750521362,0.6660650457205674,10.841889918576015,11.129526058708237,16.036604652455203,9.785689911157743,1.037016908168625
50.871307967748976,0.6877272389226431,10.6360044207623,12.100004047636023,15.229961208793016,9.519734220008768,0.9552608961282822
51.05983595223542,0.5726861765646473,11.424039762788437,11.512275360384068,14.567674465696083,9.95861660982674,0.904871672504611
50.00421317939119,0.6518762517345827,10.461440348672042,11.578900307636413,15.612354829823891,10.648860516019242,1.0423545667226435
50.07664466892951,0.7120256625360278,10.241683433611044,11.039025303927653,16.549233484051136,10.533838211461003,0.8475492354836207
51.08976492191115,0.5919680257025021,11.07851960112503,11.427150671840947,14.412002524291708,10.614923866293577,0.7856703888350896
51.137812564847295,0.596888443750776,10.601462100646781,10.875155867940727,15.394651436627894,10.547850392639054,0.8461791935474846
51.8722839834069,0.5716692916302725,11.581292975873524,10.575525642805337,14.46567607311524,10.118688995253073,0.8148630379156631
50.98008771769194,0.5695349132013885,10.728711359181808,11.317245514755541,14.846451300757652,10.622010744858768,0.9359584495529032
49.93072675776013,0.5974505335458327,11.14587384358669,11.831950873908971,15.672019174119198,9.99522986207931,0.8267489549998692
49.18513652296349,0.6159881449007175,10.708202534167706,11.5816563124825,16.860659837387335,9.956823838438416,1.0915328096598347
51.11054931105719,0.6662854361767601,10.93482481422682,10.802501960592434,16.292516757810436,9.417519023461196,0.7758026966751628
48.83967002690935,0.5957465694309353,10.127365726759558,11.122757563984399,16.626709136463422,11.730847888862632,0.956903087589684
49.836187657938616,0.5246466967627078,11.169315120204585,11.143489994501676,15.52377756368133,10.781708451201098,1.020874515710013
49.97308955903142,0.6834356034368422,9.713753646804127,11.955541283340583,15.919986685400247,10.687873286688236,1.066319935298553
49.787867115367135,0.7720255153695345,10.976458131452087,11.306814052305333,16.733904549698714,9.691342185404787,0.7315884504023995
51.030061960707485,0.6244503630999482,10.515620329569593,11.000707744855365,15.182697794284012,10.436098777111752,1.2103630303718615
48.48416324669718,0.6693184361888133,11.397755071912348,11.082477350950962,16.491814781402017,10.925584596794977,0.9488865160537019
49.82804434242665,0.5879714380956251,11.347206946764667,11.72358265041251,14.771825387837225,10.785404435426305,0.9559647990370329
50.02350284889482,0.565427745163041,10.815200941285418,11.279963691868588,15.716820225263941,10.461525075956132,1.1375594715680692
50.84409491750684,0.5513144093375024,11.983382948997923,11.207354922086635,14.061484925184937,10.351376924479238,1.0009909524069251
51.218254333680235,0.702487837970067,10.631203902736878,12.094890627295504,14.036586026121633,10.429259431428822,0.8873178407668657
49.76070046656501,0.6824843463593755,10.088212280754972,12.09413382206062,15.627732707821076,10.653992837436094,1.092743539002857
51.097684599434224,0.6333022807644191,10.787265737171214,11.63847652725878,14.69680365994488,10.230328709220139,0.9161384862063534
50.332095385373016,0.4614568223915397,11.02931193458436,11.622731735129587,15.412353409175246,10.21920877602439,0.9228419373218563
49.51392775816723,0.5872217906733693,11.56810026764681,11.119975917643414,16.914613530140034,9.300424843738183,0.9957358919909582
52.161173401172995,0.6269263683571715,9.768443387483869,11.093854467943181,14.949491248734676,10.724116328577582,0.6759947977305355
49.98498796437721,0.47034637515131344,11.531971629749227,11.169014501832638,15.814522300538655,10.195403140258875,0.8337540880920704
50.558365128804134,0.624027600846242,10.82402648197665,10.448293351463565,16.777211257612635,9.66211948195122,1.1059566973455437
50.85615468760411,0.6178145358586733,11.157764571378433,11.859019363041472,13.969942507665143,10.35349993390354,1.1858044005486317
50.173204995728504,0.6092206300750924,9.46902312072063,11.79479585656254,16.287976565934812,10.56365786365894,1.1021209673194705
50.23330768826817,0.6943238305767416,10.301119400990425,11.200547596786912,14.338417944255214,12.41749492378416,0.8147886153383886
50.903061987419164,0.5907886350212057,11.535598980474951,10.987827555605513,15.017727248479241,10.059789041789125,0.9052065512107907
50.004288948350876,0.5571285754396682,10.548214499018552,12.614337956293104,14.724273609361148,10.691005152679871,0.8607512588567874
51.44711077687801,0.6213385018011376,10.62120362454789,10.048943209818907,15.549210588153544,10.70511892622531,1.0070743725751874
49.98608760580949,0.6858384216906027,9.90831709898436,11.191782258715106,17.41113643963032,10.064277975229096,0.7525601999410229
50.81337386602806,0.6872104349650124,10.722333564519314,11.482750577541623,16.151704195828454,9.228150170740227,0.9144771903773239
51.097106605451565,0.6294634736323299,10.356359140233582,11.209608821729262,14.694842691424395,11.120477056849355,0.8921422106795042
51.1121024390302,0.6088991494624618,11.066599328390259,11.247365940969765,14.753225687587216,10.51126283372274,0.7005446208373509
49.899871869557785,0.5506448882880898,10.035760539698245,11.61909990668879,16.261128076302846,10.681362665051015,0.9521320544132246
50.57432033739733,0.45741971127921366,11.270503632702567,11.374898225243784,16.149280054123174,9.641461153468981,0.5321168857849404
51.07600404844438,0.6360112276557319,11.223760842422267,10.74331126997394,15.98533091463458,9.464989647562769,0.8705920493063368
50.835907124546516,0.576042804144175,11.05544051796745,11.67005122112974,14.615669674820925,10.253115387994026,0.9937732693971573
50.19272583357903,0.6211976952620888,10.237738349372975,11.608325644379889,15.928772757107433,10.452087333200275,0.9591523870982985
51.21264801386271,0.690416032436158,10.753675278384453,10.899242142565916,15.354360516385889,10.073836715347696,1.0158213010171875
50.190081319471695,0.6991575132835587,11.766419605171201,10.405927373310902,15.061174661669394,10.696569825802895,1.1806697012903518
50.699016422681254,0.7349599689732562,11.041251510003788,11.84503206455651,14.964805185650865,9.893406156232633,0.8215286919016916
50.51561485725227,0.744532095180012,10.254361643861039,11.53688267386465,14.893628516288645,10.986614482626734,1.0683657309266492
50.564790568842476,0.7332134226375642,10.991195899960095,12.020674536039971,14.629183873751531,10.044471611094208,1.016470087674142
50.534349731762845,0.6607013924000766,10.783438225536003,11.43075328099782,15.293565610549285,10.422068821360858,0.8751229373931112
50.77248418984689,0.5473026995799761,10.949165625466835,11.78759192975079,15.242844262190955,9.7346192219139,0.9659920712506463
50.51492473782244,0.73182637940728,11.105429810748753,11.990180984130037,15.63943672487571,9.216239475776284,0.8019618872394866
50.006374524848006,0.5821970821747819,10.025980686931936,11.466330744808497,15.911034710743046,10.9189309535402,1.0891512969535315
50.720487099187885,0.6140119359339743,11.113640537066892,11.613764367882553,15.204739251379404,9.505673910521848,1.2276828980274455
49.91622265941614,0.6039184095287471,10.852603380907842,10.576827967599174,16.9394132917047,10.324804769888448,0.7862095209549479
50.621376925255916,0.5806155560893784,11.1267890584433,10.949083902993339,15.426988977998002,10.381888011124769,0.9132575680952931
50.02023862831899,0.5132205678218754,11.528341029433713,10.088924347791547,16.423092016680506,10.555573793928891,0.8706096160244686
51.514591229712515,0.5314629837325296,10.00055962418193,11.756675606411331,14.758422165984559,10.488471451876897,0.9498169381002414
49.58536769350354,0.6597622435662134,11.350719716613725,10.611897906460802,15.103010130617882,11.743600134684781,0.9456421745530581
50.13894775993432,0.7277996783118815,11.476364721285051,11.435048552038273,15.506982103621619,9.738719858574907,0.976137326233955
51.281491515052814,0.6344692475034922,10.537258142393094,11.209010861960044,15.083107713341095,10.13302470762396,1.121637812125504
50.88783964654883,0.6561333450493957,11.50047920161536,11.421759889689929,14.423306168910095,10.23797978038976,0.8725019677966531
50.16660053395843,0.6353790609045141,10.70902321130059,12.001656743925077,16.42403171931896,9.148039113769551,0.915269616822877
49.65976322702459,0.6317976421315483,10.184984877526096,11.658658789186632,15.473552622860103,11.383412232838799,1.0078306084322286
50.499580897137015,0.5887858325864554,9.83355230817149,11.853354695341766,15.370672234667872,10.455579143762943,1.3984748883324771
50.57099208194689,0.6177473026368421,10.955092491971595,10.82640756146443,15.867442480320802,10.078502253801956,1.0838158278574768
50.50332640490279,0.600882783193233,10.34377560330125,10.938062241182791,15.96563085876668,10.761043610972218,0.8872784976810392
49.70541772943656,0.5714052982796387,11.747828501110439,10.884195278088539,16.37170583671375,9.79914359588426,0.920303760486811
49.84141402124782,0.5260449010681983,9.915535970344742,11.395498231849473,16.29695682309071,11.161730017117728,0.8628200352813261
51.76289572428677,0.6188335550364348,9.893980266908361,11.886022308551727,14.354107825022858,10.702542515117456,0.7816178050763951
49.102704185207976,0.6340489461261075,10.736144222819071,11.633839900527475,16.10322751575567,10.789113197047284,1.0009220325164268
49.24353337795168,0.5008994298146651,11.512882217024961,11.464209509944391,15.327986254546982,10.767862580736661,1.182626629980669
50.56182185584482,0.6956155841918409,10.360482388118836,11.027646841499497,15.672998633960457,10.563038695882108,1.1183960005024611
50.951679310925975,0.6957363910836625,10.548548937849024,12.013704456780724,14.670247794981115,10.304758453296268,0.8153246550832334
50.30200187200221,0.6049028065661252,10.343063278454013,11.657842147324866,15.82434812077029,10.426901849142402,0.8409399257401086
51.43038681879076,0.6133912078910994,10.95725303363023,11.943331885616814,13.594579412700629,10.177527667299156,1.2835299740713113
48.701596126352456,0.6223429043104524,10.764068884747866,11.607356137226292,17.58587890728248,9.92320269751858,0.7955543425618601
49.723074109554915,0.517374516156467,10.690160068239727,11.787584109959308,16.19606120255549,10.23878986650823,0.8469561270258646
49.22781969559098,0.6242013544043935,11.858455890568077,11.081588554662318,14.879019831126765,11.270683657587574,1.0582310160598989
50.44585251028916,0.7726676688554149,10.889622824565565,10.724880839607053,15.059243035681165,11.009773625086194,1.0979594959154604
50.660583903165616,0.6477187322175115,10.480917437165111,11.059128642533345,15.751456973008972,10.408406639463651,0.9917876724457876
50.630600935507985,0.5182852792211555,10.681691680142848,11.013232015574916,16.0597000305844,10.219235665738296,0.8772543932304125
50.083204195671335,0.6651094216385808,10.480858437499924,11.766720680402644,14.710188477917532,11.23555859968391,1.0583601871860806
51.516559908462355,0.7406180750719215,10.424229383278746,11.599306755237391,14.780622405910433,9.922581324810572,1.0160821472285808
50.16448363570151,0.6201482961483479,10.813947233646873,11.925817412075329,15.640420794651053,10.048339869804314,0.786842757972574
50.836400693584885,0.6506775414453486,9.839356059403231,11.36028951420573,16.499487863160763,9.888014775438924,0.9257735527611098
50.43167534996522,0.7445261477524528,10.36353306176271,11.612808428580415,14.710961441777382,11.18614664985832,0.9503489203034932
50.79740203294706,0.5633186530112051,9.911648675455913,11.611057829440648,16.05582342472718,10.156580684148999,0.9041687002689893
50.29362724867649,0.7984619142993556,10.43445862507109,11.607020451269658,15.217342118533717,10.831791224906313,0.8172984172433844
49.07768390723737,0.5003788511246363,11.27931246159353,11.393663767604451,16.848823542533264,10.00894034961653,0.8911971202902123
50.76085295282607,0.5630499985492622,10.099158971376985,11.61939223208883,15.269931912418656,10.774862549840002,0.9127513829001962
50.22138129107231,0.638424751221472,11.040596862022698,11.649597173011797,14.802889533482047,10.70863562031549,0.9384747688741926
